220 181 3287
221 103 2921
222 49 2490
223 35 2044
224 63 1601
225 128 1205
226 206 886
227 298 609
228 368 431
340 318 3036
341 276 2768
342 246 2460
343 233 2139
344 238 1886
345 252 1656
346 276 1433
347 322 1162
348 371 929
349 426 729
451 282 2603
452 258 2240
453 268 1878
454 296 1534
455 342 1221
141 504 3434 
142 423 3061 
143 361 2600
144 336 2089
145 351 1704
146 389 1339
147 441 1029
148 526 687
149 603 445
461 614 2581
462 592 2226
463 598 1874
464 615 1537
465 648 1232
471 953 2555
472 939 2216
473 927 1877
475 948 1257
359 1063 800
358 1042 980
357 1023 1206
356 1007 1452
355 998 1668
354 994 1887
353 995 2124
352 1004 2418
351 1019 2704
350 1039 2945
481 1250 2530
482 1236 2207
483 1228 1885
484 1239 1578
485 1251 1294
159 1331 565
158 1312 798
157 1297 1120
156 1287 1407
155 1281 1730
154 1284 2072
153 1297 2524
152 1317 2940
151 1341 3277
491 1539 2504
492 1526 2200
493 1518 1899
494 1503 1605
495 1497 1334
360 1579 2884
361 1572 2639
362 1567 2373
363 1561 2100
364 1558 1834
365 1554 1568
366 1553 1321
367 1551 1108
368 1550 904
501 1776 2480
502 1774 2197
503 1767 1914
504 1761 1641
505 1756 1387
511 1937 2463
512 1931 2194
513 1927 1926
514 1915 1665
515 1905 1420
371 1990 2585
372 1989 2351
373 1985 2115
374 1980 1869
375 1971 1637
377 1949 1214
378 1935 1023
169 1994 598
168 2018 799
167 2044 1064
166 2067 1353
165 2086 1698
164 2099 2047
163 2104 2408
162 2101 2773
161 2092 3073
171 2532 2914
172 2545 2659
173 2553 2360
174 2549 2069
175 2536 1785
176 2513 1495
177 2483 1246
178 2447 1006
179 2413 816