111 1175 2876
112 1161 2636
113 1151 2391
114 1146 2148
115 1146 1907
116 1149 1667
117 1154 1449
118 1162 1241
119 1172 1060
121 1601 2977
122 1592 2693
123 1585 2401
124 1579 2103
125 1572 1816
126 1568 1532
127 1564 1286
128 1562 1063
129 1559 867
310 1620 2776
311 1615 2584
313 1605 2177
314 1601 1962
315 1597 1771
316 1593 1582
317 1590 1383
318 1586 1216
400 1734 2750
401 1726 2495
402 1718 2247
403 1710 1998
404 1699 1758
405 1700 1525
406 1682 1373
210 1885 2922
212 1880 2387
213 1874 2124
214 1866 1855
215 1855 1590
216 1845 1358
217 1836 1148
218 1823 944
410 1946 2776
411 1935 2506
412 1932 2242
413 1920 1980
414 1911 1722
415 1904 1479
416 1874 1327
320 1981 2829
321 1981 2614
322 1979 2388
323 1975 2167
324 1967 1922
325 1959 1710
326 1947 1501
327 1934 1287
328 1920 1106
420 2171 2800
421 2168 2516
422 2164 2237
423 2151 1960
424 2135 1689
425 2123 1434
426 2096 1268
131 2279 3107
132 2292 2819
133 2298 2492
134 2295 2132
135 2282 1861
136 2263 1595
137 2241 1349
138 2206 1061
139 2170 817
430 2410 2823
431 2419 2531
432 2419 2235
433 2412 1939
435 2369 1390
436 2338 1217
339 2362 989
338 2391 1174
337 2421 1398
336 2442 1594
335 2455 1778
334 2470 1975
333 2477 2171
332 2481 2413
331 2478 2651
330 2469 2865
440 2704 2844
441 2740 2537
442 2721 2228
443 2720 1920
445 2648 1352 
446 2601 1181
228 2626 698
227 2675 866
226 2736 1117
225 2788 1390
224 2829 1714
223 2856 2064
222 2862 2414
220 2818 3062
341 3003 2669
342 3013 2409
343 3010 2139
344 2999 1926
345 2980 1731
346 2955 1541
347 2917 1304
348 2870 1092
349 2822 907
149 2850 711
148 2924 942
147 3002 1249
146 3052 1511
145 3092 1807
144 3111 2109
143 3114 2508
142 3086 2879
141 3042 3196
460 3271 2872
461 3306 2547
462 3309 2220
463 3296 1897
465 3202 1299
466 3152 1121
358 3430 1048
359 3365 868
