111 1046 2990
112 1016 2730
113 992 2460
114 976 2193
115 966 1926
116 963 1663
117 965 1428
118 972 1205
119 982 1013
121 1471 3117
122 1442 2797
123 1417 2463
124 1396 2120
125 1378 1790
126 1366 1469
127 1358 1197
128 1354 958
129 1352 753
131 2225 3292
132 2227 2953
133 2219 2557
134 2197 2112
135 2167 1779
136 2130 1458
137 2092 1174
138 2038 856
139 1988 601
141 3151 3402
142 3212 3019
143 3244 2548
144 3222 2030
145 3172 1642
146 3092 1276
147 2998 969
148 2868 631
149 2754 395
311 1552 2649
312 1536 2423
313 1522 2202
314 1508 1965
315 1497 1755
316 1485 1549
317 1476 1335
318 1466 1158
210 1813 3041
211 1797 2747
212 1778 2432
213 1759 2129
214 1739 1818
215 1716 1519
216 1696 1262
217 1681 1033
218 1662 819
401 1707 2540
402 1688 2271
403 1669 2002
404 1647 1743
405 1639 1494
411 1928 2546
412 1912 2257
413 1888 1971
421 2178 2550
422 2161 2241
423 2133 1935
425 2077 1362
431 2453 2557
432 2441 2227
433 2418 1897 
434 2381 1582
435 2341 1295
330 2496 2954
331 2498 2709
332 2492 2433
333 2476 2152
334 2457 1923
335 2430 1697
336 2403 1488
337 2368 1268
338 2320 1026
339 2277 830
441 2810 2552
442 2776 2205
443 2759 1857
445 2642 1228
220 2888 3212
221 2919 2851
222 2926 2430
223 2901 1996
224 2844 1569
225 2766 1189
226 2681 884
227 2588 619
228 2519 449
341 3108 2713
342 3112 2405
343 3095 2085
344 3070 1832
345 3034 1605
346 2990 1386
347 2924 1119
348 2851 890
349 2781 696
454 3029 1482
455 2957 1173
465 3250 1135
464 3335 1448
463 3402 1798
462 3436 2166
320 1951 2917
321 1941 2678
322 1928 2423
323 1913 2173
324 1893 1896
325 1874 1659
326 1853 1427
327 1829 1196
328 1808 1004