220 75 3145
224 25 1748
225 80 1411
226 144 1128
227 223 868
228 285 694
340 198 2964
341 172 2730
342 155 2466
343 152 2192
344 162 1975
345 177 1778
346 201 1583
347 243 1341
348 290 1127
349 342 939
455 265 1360
453 185 1956
452 168 2278
451 181 2602
141 328 3252
142 276 2935
143 244 2563
144 236 2164
145 253 1861
146 286 1564
147 329 1301
148 401 991
149 470 758
460 490 2910
461 473 2594
462 462 2277
463 475 1962
465 536 1379
466 559 1204
350 817 2915
351 804 2703
352 796 2454
353 794 2200
354 799 1996
355 809 1804
356 822 1614
357 844 1392
358 870 1183
359 897 1012
476 828 1225
475 803 1407
473 766 1973
472 769 2278
471 773 2582
151 1016 3167
152 995 2879
153 982 2536
154 979 2171
155 985 1892
156 1001 1622
157 1021 1374
159 1084 858
486 1096 1273
485 1076 1443
483 1035 1986
482 1035 2277
481 1042 2570
480 1062 2861
360 1301 2885
361 1296 2667
362 1294 2432
363 1294 2190
364 1298 1955
365 1304 1717
366 1314 1493
367 1323 1295
368 1334 1102
490 1315 2831
491 1309 2554
501 1533 2540
502 1536 2279
503 1536 2019
504 1539 1767
505 1546 1528
506 1564 1370
161 1697 3047
162 1699 2783
163 1701 2466
164 1703 2156
165 1702 1854
166 1704 1549
167 1704 1286
168 1704 1036
169 1704 841
171 2146 2936
172 2154 2706
173 2160 2437
174 2162 2176
175 2159 1920
176 2151 1657
177 2140 1426
178 2125 1200
179 2111 1019