111  1130   2981
112  1113   2742
113  1101   2495
114  1094   2251
115  1092   2008
116  1094   1767
117  1099   1548
118  1108   1337
119  1118   1154
121  1559   3080
122  1546   2795
123  1535   2503
124  1526   2204
125  1517   1915
126  1512   1629
127  1508   1381
128  1506   1156
129  1504    957
131  2243   3201
132  2251   2911
133  2253   2585
134  2245   2225
135  2229   1953
136  2208   1685
137  2185   1438
138  2149   1149
139  2113   903
140  2084   726
141  3016   3270
142  3055   2953
143  3075   2582
144  3067   2182
145  3042   1880
146  3000   1585
147  2948   1323 
148  2868   1016
149  2793   784
150  2711   572
159  3387   728
160  3274   514
210  1845   3021
212  1831   2486
213  1822   2222
214  1813   1951
215  1800   1685
216  1789   1452
217  1780   1240
218  1768   1035
220  2787   3143
222  2820   2495
223  2809   2145
224  2778   1794
225  2734   1469
226  2680   1196
227  2620   944
228  2569   776
310  1577   2878
311  1568   2685
313  1554   2278
314  1550   2063
315  1544   1869
316  1539   1679
317  1535   1479
318  1531   1310
320  1940   2926
321  1937   2712
322  1932   2485
323  1925   2263
324  1916   2018
325  1905   1805
326  1893   1594
327  1879   1379
328  1865   1197
330  2432   2954
331  2437   2740
332  2437   2501
333  2429   2260
334  2420   2063
335  2404   1866
336  2389   1681
337  2367   1484
338  2335   1260
339  2306   1074
342  2972   2485
343  2965   2215
344  2952   2001
345  2931   1808
346  2904   1617
347  2862   1378
348  2815   1167
349  2766   982 
358  3377   1109
359  3310   929
400  1692   2850
401  1680   2595
402  1670   2346
403  1659   2096
404  1647   1854
405  1647   1621
406  1628   1467
410  1905   2874
411  1890   2604
412  1883   2339
413  1869   2076
414  1858   1817
415  1851   1573
416  1821   1420
420  2132   2894
421  2124   2610
422  2117   2331
423  2100   2053
424  2083   1781
425  2069   1525
426  2042   1358
430  2372   2913
431  2377   2620
432  2374   2324
433  2363   2028
435  2316   1478
436  2284   1304
440  2669   2928
441  2699   2619
442  2676   2312
443  2671   2003
445  2594   1431
446  2547   1263
460  3242   2939 
461  3271   2614
462  3268   2288
464  3251   1964
465  3151   1367
466  3098   1191