220  43    3408
225  47    12874
226  141   961
227  248   679
228  328   499
141  368   3569
142  289   3190
143  234   2720
144  220   2200
145  248   1808
146  300   1437
147  366   1122
148  469   774
149  560   528
150  653   316
151  1211  3432
152  1187  3093
153  1173  2674
154  1168  2218
155  1174  1871
156  1190  1544
157  1211  1252
158  1241  923
159  1272  686
160  1303  477
161  1970  3235
162  1979  2936
163  1986  2570
164  1986  2208
165  1981  1856
166  1972  1507
167  1959  1214
168  1944  944
169  1930  738
171  2416  3077
172  2429  2821
173  2439  2523
174  2439  2232
175  2432  1946
176  2415  1656
177  2393  1404
178  2364  1160
179  2337  967
340  180   3158
341  141   2886  
342  118   2573
343  112   2245
344  126   1986
345  148   1752
346  180   1526 
347  238   1250
348  300   1012
349  366   810
350  905   3091
351  888   2848
352  877   2557
353  874   2260
354  880   2021
355  891   1796
356  907   1578
357  932   1327
358  961   1098
359  991   914
360  1450  3041
361  1445  2794
362  1443  2527
363  1442  2251
364  1446  1982
365  1449  1712
366  1457  1462 
367  1463  1244
368  1470  1037
371  1868  2746
372  1869  2511
373  1869  2273
374  1869  2026
375  1865  1791
376  1862  1567
377  1857  1362
378  1850  1168 
451  149   2718
452  133   2348
453  153   1979
454  195   1629
455  254   1311
461  482   2710
462  468   2349
463  483   1991
464  512   1648
465  557   1338
466  586   1146
471  821   2695
472  815   2351
473  811   2006
475  854   1376
476  884   1177
481  1121  2678
482  1112  2350
483  1112  2024
484  1133  1713
485  1156  1424
491  1413  2657
492  1404  2351
493  1403  2046
494  1395  1748
495  1399  1472
496  1422  1291
501  1652  2637
502  1653  2352
503  1653  2066
504  1653  1790
505  1657  1532
506  1675  1364
511  1813  2622
512  1812  2352
513  1813  2080
514  1808  1818
515  1805  1569
516  1825  1407