111  878   3023
112  866   2759
113  858   2485
114  861   2214
115  871   1944
116  889   1680
117  911   1442
118  937   1217
119  966   1025
121  1299  3179
122  1289  2856
123  1284  2519
124  1287  2172
125  1293  1839
126  1308  1515
127  1323  1240
128  1342  999  
129  1360  793
131  2050  3399          
132  2070  3062
133  2085  2666
134  2092  2220
135  2086  1884
136  2074  1561
137  2059  1273
138  2035  950
139  2006  690
141  2984  3555
142  3063  3179
143  3120  2715
144  3131  2199
145  3108  1811 
146  3056  1443
147  2988  1131
148  2889  785
149  2799  542
210  1646  3123
211  1647  2827   
212  1648  2512
213  1649  2207
214  1652  1894
215  1652  1591 
216  1655  1332
217  1660  1100   
218  1662  884
220  2724  3354
221  2775  2998
222  2805  2581
223  2808  2148
224  2781  1719
225  2735  1335
226  2676  1025
227  2608  752
228  2555  578
311  1406  2714
312  1405  2485
313  1406  2263
314  1409  2024
315  1413  1812
316  1419  1605
317  1427  1389
318  1433  1210
320  1792  3008
321  1795  2768
322  1798  2512
323  1800  2261
324  1800  1983
325  1799  1744
326  1796  1510
327  1793  1275
328  1788  1081
330  2339  3076
331  2355  2833
332  2364  2558
333  2367  2276
334  2365  2047
335  2354  1820
336  2343  1609
337  2326  1378
338  2300  1140
339  2274  942
341  2971  2870
342  2993  2565
343  2996  2246
344  2988  1994
345  2968  1766
346  2941  1545
347  2897  1275
348  2844  1043
349  2792  844
401  1567  2614
402  1566  2344
403  1566  2073
404  1564  1812
405  1576  1561
406  1562  1397
411  1789  2635
412  1792  2345
413  1788  2057
416  1763  1374
421  2040  2655
422  2043  2346
423  2037  2038
425  2025  1461
426  2002  1280
431  2317  2680
432  2326  2349
433  2326  2018
434  2312  1702
435  2295  1411
436  2265  1222
441  2677  2694
442  2665  2347
443  2671  2000
445  2603  1366
446  2555  1182
454  2972  1643
455  2924  1331
461  3320  2715
462  3333  2345
463  3324  1978
464  3283  1628
465  3222  1312
466  3166  1117