220  35    3183
225  6     1422
226  68    1134
227  147   868
228  208   692
141  292   3284
142  233   2964
143  190   2587
144  174   2181
145  186   1874
146  215   1572
147  256   1304
148  327   989
149  395   753
150  472   534
151  981   3182
152  953   2889
153  933   2542
154  923   2173
155  925   1890
156  937   1617
157  955   1365
159  1015  842
160  1051  635
161  1666  3046
162  1662  2779
163  1658  2459
164  1654  2145
165  1650  1839
166  1648  1532
167  1645  1266
168  1644  1014
169  1642  818
171  2117  2926
172  2120  2693
173  2121  2421
174  2118  2158
175  2112  1899
176  2101  1633
177  2088  1401
178  2071  1174
179  2056  991
340  155   2995
341  122   2758
342  100   2491
343  90    2213
344  96    1993
345  109   1790
356  130   1594
347  170   1348
348  216   1129
349  266   938
350  776   2929
351  758   2715
352  744   2464
353  738   2206
354  740   1999
355  746   1805
356  757   1612
357  777   1387
358  801   1176
359  826   1003
360  1262  2889
361  1253  2669
362  1246  2431
363  1242  2187
364  1243  1949
365  1244  1708
366  1252  1481
367  1260  1280
368  1269  1086
451  129   2627
452  111   2300
453  121   1973
455  193   1367
460  447   2933
461  422   2613
462  405   2291
463  413   1973 
465  466   1381
466  487   1203
471  724   2594
472  714   2285
473  705   1977
475  735   1404
476  759   1219
480  1021  2870
481  994   2575
482  982   2280
483  978   1984
485  1012  1435
486  1030  1262
490  1275  2835
491  1263  2554
501  1489  2536
502  1487  2273
503  1484  2009
504  1484  1754
505  1487  1513
506  1504  1355