111 844 2993
112 836 2725
113 836 2450
114 845 2176
115 863 1904
116 889 1637
117 918 1397
118 951 1173
119 987 979
121 1264 3161
122 1261 2834
123 1265 2494
124 1277 2144
125 1293 1808
126 1316 1483
127 1341 1206
128 1368 964
129 1392 756
131 2016 3403
132 2044 3062
133 2069 2664
134 2089 2214
135 2092 1876
136 2090 1550
137 2085 1260
138 2071 935
139 2054 672
130 2041 493
141 2953 3588
142 3042 3212
143 3112 2746
144 3138 2228
145 3127 1837
146 3087 1465
147 3029 1150
148 2942 799
149 2860 551
140 2774 337
210 1615 3114
211 1623 2816
212 1631 2497
213 1641 2188
214 1653 1873
215 1662 1569
216 1673 1307
217 1686 1075
218 1695 857
220 2696 3377
221 2755 3020
222 2797 2600
223 2814 2165
224 2800 1732
225 2765 1345
226 2716 1032
227 2659 756
228 2612 580
311 1381 2694
312 1386 2464
313 1393 2239
314 1403 1998
315 1414 1785
316 1425 1576
317 1441 1358
318 1453 1178
320 1763 3001
321 1773 2759
322 1782 2501
323 1791 2248
324 1799 1967
325 1805 1727
326 1810 1491
327 1814 1255
328 1816 1059
330 2313 3087
331 2336 2841
332 2353 2564
333 2364 2280
334 2368 2049
335 2364 1820
336 2360 1608
337 2350 1384
338 2331 1135
339 2312 935
341 2957 2898
342 2987 2591
343 3000 2271
344 3000 2017
345 2987 1786
346 2967 1564
347 2932 1291
348 2887 1055
349 2841 854
401 1547 2598
402 1552 2325
403 1560 2052
404 1566 1789
405 1585 1536
406 1576 1370
411 1770 2625
412 1780 2332
413 1784 2042
416 1782 1325
421 2023 2652
422 2034 2341
423 2037 2029
425 2043 1448
426 2025 1265
431 2301 2685
432 2319 2352
433 2329 2019
434 2325 1700
435 2317 1407
436 2294 1216
441 2665 2712
442 2661 2362
443 2679 2011
444 2661 1677
445 2630 1371
446 2588 1185
455 2957 1348
461 3314 2754
462 3337 2383
463 3340 2014
464 3310 1660
465 3260 1340
466 3210 1142


