225 23 1296
226 112 976
227 215 697
228 292 519
141 366 3544
142 284 3171
143 223 2710
144 204 2197
145 227 1811
146 274 1445
147 336 1134
148 433 789
149 520 546
140 610 335
151 1195 3400
152 1168 3065
153 1147 2653
154 1137 2204
155 1139 1863
156 1151 1540
157 1168 1253
158 1194 928
159 1222 693
150 1251 487
161 1941 3196
162 1946 2901
163 1948 2540
164 1943 2183
165 1933 1837
166 1920 1494
167 1903 1205
168 1886 939
169 1869 737
171 2379 3034
172 2389 2783
173 2394 2489
174 2391 2201
175 2379 1920
176 2358 1633
177 2333 1386
178 2303 1146
179 2275 957
340 175 3143
341 135 2874
342 106 2566
343 98 2243
344 108 1987
345 128 1756
346 157 1533
347 211 1260
348 270 1025
349 332 825
350 890 3068
351 870 2828
352 856 2543
353 849 2249
354 851 2012
355 859 1793
356 872 1577
357 895 1329
358 921 1103
359 948 921
360 1426 3012
361 1418 2769
362 1413 2506
363 1408 2234
364 1409 1968
365 1409 1703
366 1413 1456
367 1417 1241
368 1421 1037
371 1834 2716
372 1833 2484
373 1829 2249
374 1825 2006
375 1819 1775
377 1806 1352
378 1797 1161
451 139 2709
452 119 2344
453 136 1980
454 172 1635
455 227 1320
461 467 2697
462 449 2341
463 461 1988
464 485 1649
465 526 1343
466 552 1153
471 803 2679
472 792 2340
473 784 2000
475 819 1378
476 846 1181
481 1097 2658
482 1085 2336
483 1081 2013
484 1097 1707
485 1116 1422
491 1385 2634
492 1372 2332
493 1368 2031
494 1356 1739
495 1357 1466
464 1377 1287
501 1620 2611
502 1618 2331
503 1614 2048
504 1611 1777
505 1611 1522
506 1627 1356
511 1780 2595
512 1774 2328
513 1772 2061
514 1763 1802
515 1757 1557
516 1776 1396


