220 48 3184
225 24 1452
226 86 1168
227 162 906
228 222 732
141 302 3287
142 245 2972
143 205 2601
144 190 2202
145 203 1900
146 231 1603
147 271 1339
148 340 1028
149 406 794
140 481 579
151 984 3192
152 957 2904
153 938 2563
154 928 2199
155 930 1921
156 941 1652
157 958 1404
159 1015 888
150 1049 682
161 1660 3058
162 1656 2796
163 1651 2481
164 1647 2172
165 1642 1871
166 1638 1568
167 1635 1306
168 1632 1057
169 1630 862
171 2104 2939
172 2106 2708
173 2108 2442
174 2104 2183
175 2097 1928
176 2084 1667
177 2070 1438
178 2052 1213
179 2036 1032
340 166 3002
341 135 2768
342 114 2505
343 106 2232
344 112 2015
345 125 1817
346 146 1623
347 186 1380
348 229 1165
349 279 976
350 781 2943
351 764 2731
352 751 2484
353 745 2231
354 746 2027
355 752 1836
356 763 1646
357 782 1424
358 805 1215
359 830 1044
360 1261 2905
361 1251 2688
362 1245 2454
363 1240 2214
364 1241 1978
365 1243 1741
366 1250 1517
367 1257 1320
368 1265 1127
451 142 2640
452 124 2317
453 135 1995
454 206 1398
460 455 2944
461 431 2628
462 415 2312
463 424 1998
465  475 1414
466 496 1239
471 730 2612
472 720 2309
473 712 2005
475 741 1440
476 764 1257
480 1022 2886
481 996 2595
482 984 2304
483 980 2013
485 1013 1471
486 1030 1301
490 1274 2851
491 1262 2575
501 1485 2557
502 1482 2298
503 1478 2038
504 1477 1787
505 1480 1549
506 1496 1392



