111 1111 2936
112 1106 2693
113 1106 2444
114 1111 2197
115 1121 1952
116 1134 1709
117 1150 1488
118 1169 1277
119 1189 1093
121 1540 3057
122 1541 2768
123 1544 2472
124 1550 2170
125 1556 1878
126 1565 1590
127 1573 1340
128 1582 1114
129 1590 914
131 2224 3213
132 2247 2921
133 2265 2592
134 2276 2228
135 2274 1953
136 2267 1682
137 2256 1433
138 2235 1140
139 2210 891
130 2189 712
141 2998 3326
142 3054 3009
143 3094 2635
144 3107 2233
145 3098 1927
146 3071 1628
147 3032 1362
148 2969 1048
149 2905 810
140 2834 593
210 1830 3011
212 1844 2470
213 1849 2204
214 1852 1930
215 1853 1661
216 1853 1426
217 1855 1212
218 1852 1005
220 2774 3184
222 2840 2533
223 2848 2180
224 2836 1824
225 2808 1496
226 2768 1218
227 2720 961
228 2679 789
310 1565 2853
311 1567 2658
313 1574 2246
314 1578 2028
315 1583 1834
316 1588 1642
317 1594 1439
318 1598 1271
320 1930 2921
321 1938 2703
322 1944 2474
323 1948 2251
324 1951 2002
325 1952 1787
326 1950 1574
327 1947 1356
328 1942 1173
330 2424 2975
331 2441 2759
332 2452 2518
333 2458 2274
334 2459 2074
335 2453 1876
336 2447 1689
337 2435 1489
338 2415 1262
339 2395 1047
341 2975 2793
342 2994 2532
343 3001 2260
344 2998 2044
345 2987 1848
346 2971 1653
347 2942 1412
348 2905 1197
349 2866 1008
400 1682 2831
401 1683 2572
402 1685 2321
403 1687 2069
404 1687 1825
405 1699 1589
406 1688 1433
410 1896 2865
411 1895 2592
412 1902 2324
413 1900 2059
414 1902 1797
415 1907 1551
416 1884 1395
420 2124 2898
421 2130 2611
422 2137 2329
423 2135 2047
424 2131 1773
425 2130 1514
426 2112 1344
430 2365 2930
431 2385 2635
432 2397 2336
433 2401 2037
435 2382 1479
436 2359 1302
440 2663 2961
441 2711 2651
442 2703 2340
443 2714 2029
445 2666 1449
446 2628 1277
460 3240 3006
461 3287 2680
462 3301 2351
463 3301 2025
465 3232 1418
466 3189  1236

